[gd_scene load_steps=5 format=2]

[ext_resource path="res://scenes/islands/island_1.tscn" type="PackedScene" id=1]
[ext_resource path="res://scenes/main_menu/rotater.gd" type="Script" id=2]




[sub_resource type="ProceduralSky" id=1]

[sub_resource type="Environment" id=2]
background_mode = 3
background_sky = SubResource( 1 )
background_color = Color( 0.545098, 0.760784, 0.94902, 1 )

[node name="MainMenuBg" type="Spatial"]

[node name="Island" parent="." instance=ExtResource( 1 )]

[node name="DirectionalLight" type="DirectionalLight" parent="."]
transform = Transform( 0.70373, -0.338864, 0.624448, 0, 0.878925, 0.476959, -0.710468, -0.33565, 0.618526, 0, 29.4095, 0 )
shadow_enabled = true

[node name="WorldEnvironment" type="WorldEnvironment" parent="."]
environment = SubResource( 2 )

[node name="WorldCenter" type="Spatial" parent="."]
transform = Transform( -0.78546, 0, 0.618925, 0, 1, 0, -0.618925, 0, -0.78546, 0, 0, 0 )
script = ExtResource( 2 )
rotation_speed = 0.2

[node name="Camera" type="Camera" parent="WorldCenter"]
transform = Transform( 0.999863, -0.00865188, 0.0141319, 0, 0.852859, 0.522141, -0.01657, -0.522069, 0.852742, -7.43102, 25.9437, 36.0424 )
